n time_ns array_values
2 500
3 167
4 125
5 291
6 334
7 375
8 292
9 459
10 458
11 541
12 541
13 667
14 750
15 667
16 791
17 792
18 875
19 833
20 1042
21 1000
22 1125
23 1125
24 1334
25 666
26 625
27 750
28 750
29 709
30 667
31 667
32 875
33 792
34 916
35 875
36 917
37 958
38 1000
39 958
40 958
41 1041
42 958
43 1291
44 1125
45 1167
46 1166
47 1250
48 1208
49 1167
50 1250
51 1250
52 1291
53 1375
54 1375
55 1250
56 1250
57 1417
58 1250
59 1333
60 1334
61 1250
62 1417
63 1375
64 1291
65 1500
66 1458
67 1542
68 1583
69 1583
70 1667
71 1625
72 1667
73 1792
74 2000
75 2042
76 2042
77 1750
78 1917
79 1916
80 2166
81 2041
82 1959
83 1958
84 2000
85 2584
86 1792
87 2083
88 1875
89 1792
90 1917
