n time_ns array_values
5 709 
6 458 
7 500 
8 500 
9 750 
10 792 
11 917 
12 667 
13 875 
14 1000 
15 1166 
16 1000 
17 1209 
18 1291 
19 1292 
20 1584 
21 1583 
22 1625 
23 1583 
24 1750 
25 1959 
26 1959 
27 2042 
28 2167 
29 2083 
30 2541 
31 2375 
32 2292 
33 2416 
34 2458 
35 2709 
36 2833 
37 2917 
38 3042 
39 3167 
40 3167 
41 3167 
42 3458 
43 3417 
44 3417 
45 3791 
46 3625 
47 3709 
48 4041 
49 4084 
50 4166 
51 4125 
52 4459 
53 4458 
54 4583 
55 4542 
56 4708 
57 4750 
58 4333 
59 4834 
60 4917 
61 5000 
62 4875 
63 5167 
64 5500 
65 5250 
66 5667 
67 5667 
68 5750 
69 5959 
70 6125 
71 5916 
72 6167 
73 6292 
74 6125 
75 6375 
76 6375 
77 6625 
78 6292 
79 6583 
80 6708 
81 7084 
82 6833 
83 7125 
84 7334 
85 7125 
86 7500 
87 7667 
88 7625 
89 7916 
90 7791 
91 8583 
92 8083 
93 8250 
94 8125 
95 8500 
96 8292 
97 8500 
98 8125 
99 8542 
100 9042 
